0;0.0,0.0;-1;1;
1;8.98,0.0;0;2;
2;8.98,0.19;1;3;
3;9.179999,0.19;2;4;
4;9.179999,3.8400002;3;5;
5;8.98,3.8400002;4;6;
6;8.98,5.07;5;7;
7;27.66,5.07;6;8;
8;27.66,7.6400003;7;9;
9;23.4,7.6400003;8;10;
10;23.4,7.4700003;9;11;
11;22.97,7.4700003;10;12;
12;22.97,7.6400003;11;13;
13;18.5,7.6400003;12;14;
14;18.5,7.4700003;13;15;
15;18.09,7.4700003;14;16;
16;18.09,7.6400003;15;17;
17;12.64,7.6400003;16;18;
18;12.64,7.4700003;17;19;
19;12.22,7.4700003;18;20;
20;12.22,7.6400003;19;21;
21;2.04,7.6400003;20;-1;
